3214965404
3214965324
9666220
9666496
9667224
9666296
9667312
9666304
9667556
9666368
9667336
9667404
9666432
9667496
9667620
9666080
3214965308
9552308
9552320
9667652
9667196
9665664
9668180
3214965440
3214965504
3214965568
9645332
3214965632
9645268
9665760
9645228
3214965700
3214965771
9668144
9668000
9667948
3214964312
3214964272
3214964172
3214964144
3214967676
3214967765
3214967911
3214967938
3214968000
3214968077
3214968141
9643416
3214968623
3214968665
3214968858
3214968946
3214968963
3214969082
3214969164
3214969278
3214969329
3214969562
3214969607
3214969749
3214969808
3214969897
3214969932
3214970073
3214970172
3214970193
3214970571
9646603
9666136
9668564
9668228
9668948
9668804
9668868
9668668
9666560
9668672
3214964520
9668796
134512692
134512724
9668036
134512784
134512852
134512916
9553336
134603840
9668288
9668540
134603904
134603968
9668380
9668436
134604032
134513000
9669308
9669564
9669348
9669412
3214964556
3086577708
3086577736
3086577812
3086579112
9669040
3086579136
9669132
3214964628
9669076
3086578024
9669568
3214964676
3214964368
3086578784
3214964092
9665980
9665984
3214964028
9648226
9669648
9669700
9644480
9669760
9647276
901099540
901099587
3214964456
9551916
9552084
9667804
134600253
134600256
3214963832
3214963848
3214963772
3214963168
3214963116
3214963200
3214962976
3214962900
3214962876
3214962808
3214962748
3214963020
900145152
900160480
900175844
900218935
900168164
900204314
900164324
900197544
900162404
900194232
900163364
900195996
900163844
900196792
900164084
900197126
900163964
900196963
900196862
900196864
3214963278
3214963352
3214963416
3214963464
3214963576
3214963584
3214962684
901099972
901100228
901100216
901100076
901099956
3214962588
3214962556
13955400
13955456
13955520
13955584
13954780
901099652
13954820
13954884
901099728
901099796
13954948
901099844
901100132
13922676
13922688
134600320
13926234
900183524
900233197
900187364
900240557
900189284
900243831
900188324
900242453
900188804
900243183
900188564
900242801
900188444
900242656
900242623
901100636
901100300
901100892
901100676
901100740
123074920
123074472
901100368
123074496
123074560
901100460
123074624
901100508
901100552
901100832
123048148
134600436
134600448
3214963964
3214963708
123050872
900163604
900196402
900163724
900196591
900163652
900196476
900196480
901100928
901101308
901101564
901101568
901101348
901101412
2875844
2875904
2875968
2876032
2876096
2876160
2876224
2876288
2876352
2876416
2876480
2876544
2876608
2876672
2876736
2876800
2876864
2876928
2876992
2877056
2877120
2877184
2877248
2877312
2877376
2877440
2877504
2877568
2877632
2877696
2877760
2877824
2877888
2877952
2878016
2878080
2878144
2878208
2878272
2875120
2875136
901101040
2875200
901101064
2875264
901101124
901101224
901101468
2781460
2791482
900185444
900236743
900186404
900238821
900185924
900237665
900185684
900237185
900185804
900237342
900185732
900237255
901101980
901101644
901102236
901102020
901102084
901102184
3214962456
899606908
899606912
899606976
899607040
899607104
899607168
899607232
899607296
899607360
899607424
899607488
899607552
899607616
899607680
899607744
899607808
899607872
899607936
899608000
899608064
899608128
899608192
899608256
899608320
899608384
899608448
899608512
899603868
901101712
901101760
899603908
899603972
899604036
901101852
901101896
898195860
13926176
898268399
900166244
900200954
900165284
900199306
900164804
900198384
900164564
900197962
900164684
900198165
900198255
900164756
900198294
901102273
3214962428
901102644
901102900
901102912
901102684
901102748
3214962336
3214962300
11497776
11497792
11497856
11497920
11497984
11498048
11498112
11498176
11498240
11498304
11498368
11498432
11498496
11498560
11498624
11498688
11498752
11498816
11498880
11498944
11499008
11499072
11499136
11499200
11499264
11499328
11499392
